###### part B ######
Stored matrix solution to d^2y/dx^2 = y given y(0) = 0 and y(0) = 1:
0.0   0   1
0.018048912539   0.018048912539   0.999837118378
0.0353780921493   0.035372559496   0.999374219755
0.0522720868582   0.0522509344876   0.998634021694
0.0688996582964   0.0688485699558   0.997627166312
0.0853628530086   0.0852633699977   0.996358502072
0.101724138462   0.101553663718   0.994830125305
0.118022051203   0.11775383085   0.993042888192
0.134280480689   0.133883585305   0.990997147081
0.150514281711   0.149953594212   0.988693125739
0.166732708874   0.165968919958   0.986131082668
0.182941534751   0.181931144791   0.983311380188
0.199144362695   0.197839688559   0.98023450598
0.215343443039   0.213692628501   0.976901073202
0.231540181556   0.229487210284   0.973311812226
0.247735456587   0.245220167024   0.969467560255
0.263929816987   0.260887918701   0.965369251516
0.280123605752   0.276486696974   0.961017909035
0.296317037239   0.292012623472   0.956414638121
0.312510245413   0.307461759034   0.951560621401
0.328703314001   0.322830134827   0.946457115091
0.34489629533   0.338113772149   0.941105446234
0.361089222106   0.353308695174   0.935507010637
0.377282114768   0.368410939286   0.929663271319
0.393474986093   0.383416556666   0.923575757308
0.409667844063   0.398321620161   0.917246062687
0.425860693671   0.413122226074   0.910675845795
0.442053538033   0.42781449629   0.903866828544
0.458246379101   0.442394579977   0.896820795797
0.474439218091   0.45685865502   0.889539594784
0.490632055766   0.471202929289   0.882025134547
0.506824892602   0.485423641797   0.874279385389
0.523017728895   0.499517063791   0.866304378323
0.539210564832   0.513479499791   0.85810220452
0.555403400529   0.527307288603   0.849675014745
0.571596236059   0.540996804296   0.841025018787
0.587789071467   0.554544457176   0.83215448487
0.603981906781   0.567946694732   0.823065739054
0.620174742019   0.581200002576   0.813761164627
0.636367577192   0.594300905365   0.804243201475
0.652560412307   0.607245967721   0.794514345442
0.668753247369   0.620031795123   0.784577147673
0.684946082379   0.632655034809   0.774434213947
0.701138917341   0.645112376649   0.764088203995
0.717331752254   0.657400554014   0.753541830797
0.73352458712   0.669516344635   0.742797859874
0.749717421939   0.681456571447   0.731859108564
0.765910256711   0.69321810342   0.720728445279
0.782103091436   0.704797856386   0.709408788757
0.798295926115   0.716192793841   0.697903107294
0.814488760747   0.727399927745   0.686214417966
0.830681595333   0.738416319305   0.67434578584
0.846874429873   0.749239079745   0.662300323168
0.863067264366   0.759865371064   0.650081188569
0.879260098812   0.77029240678   0.637691586206
0.895452933213   0.780517452662   0.625134764942
0.911645767566   0.790537827445   0.612414017489
0.927838601874   0.800350903532   0.599532679544
0.944031436135   0.809954107689   0.586494128915
0.960224270349   0.819344921712   0.573301784637
0.976417104518   0.828520883092   0.559959106071
0.99260993864   0.837479585661   0.546469592
1.00880277272   0.84621868022   0.532836779713
1.02499560674   0.854735875158   0.519064244072
1.04118844073   0.863028937051   0.505155596581
1.05738127466   0.871095691248   0.491114484434
1.07357410855   0.878934022443   0.476944589562
1.0897669424   0.886541875226   0.462649627666
1.10595977619   0.893917254627   0.44823334724
1.12215260994   0.901058226633   0.433699528594
1.13834544365   0.907962918701   0.419051982859
1.15453827731   0.914629520245   0.404294550987
1.17073111092   0.921056283115   0.389431102745
1.18692394448   0.927241522049   0.3744655357
1.203116778   0.93318361512   0.359401774199
1.21930961147   0.938881004162   0.344243768336
1.2355024449   0.944332195174   0.328995492919
1.25169527828   0.949535758715   0.313660946426
1.26788811161   0.954490330278   0.29824414996
1.2840809449   0.959194610648   0.282749146189
1.30027377814   0.963647366244   0.267179998291
1.31646661134   0.967847429439   0.251540788886
1.33265944448   0.971793698868   0.235835618964
1.34885227758   0.97548513972   0.220068606815
1.36504511064   0.978920784004   0.204243886942
1.38123794365   0.982099730806   0.188365608984
1.39743077661   0.985021146524   0.172437936621
1.41362360953   0.987684265087   0.156465046488
1.4298164424   0.990088388158   0.140451127075
1.44600927522   0.992232885312   0.124400377633
1.46220210799   0.994117194207   0.108317007069
1.47839494073   0.995740820727   0.0922052328447
1.49458777341   0.997103339115   0.0760692798712
1.51078060605   0.998204392082   0.0599133793983
1.52697343864   0.999043690903   0.0437417679071
1.54316627118   0.999621015488   0.0275586859985
1.55935910368   0.999936214449   0.0113683772814
1.57555193613   0.999989205129   -0.00482491274048
1.59174476854   0.99977997363   -0.0210169377815
1.6079376009   0.999308574816   -0.0372034518878
1.62413043321   0.998575132297   -0.0533802105505
1.64032326548   0.997579838399   -0.0695429718189
1.6565160977   0.996322954109   -0.0856874974128
1.67270892987   0.994804809012   -0.101809553834
1.688901762   0.993025801202   -0.117904913475
1.70509459408   0.990986397176   -0.133969355731
1.72128742611   0.988687131715   -0.149998668104
1.7374802581   0.986128607741   -0.165988647305
1.75367309004   0.983311496161   -0.181935100364
1.76986592194   0.980236535691   -0.19783384572
1.78605875379   0.976904532659   -0.213680714325
1.80225158559   0.973316360797   -0.229471550735
1.81844441734   0.969472961012   -0.245202214195
1.83463724905   0.965375341138   -0.260868579734
1.85083008072   0.961024575669   -0.276466539237
1.86702291233   0.956421805483   -0.291992002529
1.8832157439   0.951568237541   -0.307440898446
1.89940857543   0.946465144565   -0.322809175901
1.91560140691   0.941113864712   -0.338092804946
1.93179423834   0.935515801221   -0.353287777831
1.94798706972   0.929672422039   -0.368390110055
1.96417990106   0.923585259446   -0.383395841408
1.98037273235   0.917255909645   -0.398301037011
1.9965655636   0.910686032348   -0.413101788349
2.0127583948   0.903877350339   -0.427794214294
2.02895122595   0.896831649022   -0.442374462126
2.04514405706   0.889550775953   -0.456838708537
2.06133688812   0.882036640358   -0.47118316064
2.07752971913   0.874291212628   -0.485404056961
2.0937225501   0.866316523806   -0.499497668425
2.10991538102   0.858114665052   -0.513460299333
2.1261082119   0.849687787097   -0.527288288335
2.14230104272   0.841038099677   -0.540978009385
2.15849387351   0.832167870952   -0.554525872696
2.17468670424   0.823079426917   -0.567928325678
2.19087953493   0.813775150787   -0.581181853874
2.20707236557   0.804257482373   -0.594282981874
2.22326519617   0.794528917444   -0.607228274237
2.23945802672   0.78459200707   -0.620014336381
2.25565085722   0.774449356955   -0.632637815481
2.27184368768   0.764103626753   -0.645095401344
2.28803651809   0.753557529371   -0.657383827279
2.30422934846   0.742813830258   -0.669499870953
2.32042217878   0.731875346676   -0.681440355236
2.33661500905   0.720744946969   -0.693202149033
2.35280783927   0.709425549802   -0.704782168107
2.36900066945   0.697920123403   -0.716177375886
2.38519349958   0.686231684778   -0.727384784262
2.40138632967   0.674363298928   -0.738401454371
2.41757915971   0.662318078036   -0.749224497366
2.4337719897   0.650099180659   -0.759851075173
2.44996481965   0.637709810895   -0.770278401236
2.46615764955   0.625153217543   -0.780503741251
2.4823504794   0.612432693255   -0.790524413875
2.49854330921   0.599551573667   -0.800337791436
2.51473613897   0.586513236528   -0.809941300622
2.53092896869   0.573321100815   -0.81933242315
2.54712179836   0.559978625832   -0.828508696432
2.56331462798   0.546489310307   -0.83746771422
2.57950745756   0.532856691475   -0.846207127233
2.59570028708   0.519084344146   -0.854724643777
2.61189311657   0.505175879771   -0.863018030346
2.628085946   0.491134945496   -0.871085112206
2.6442787754   0.476965223201   -0.878923773964
2.66047160474   0.462670428541   -0.886531960126
2.67666443404   0.448254309965   -0.893907675634
2.69285726329   0.433720647737   -0.90104898639
2.70905009249   0.419073252944   -0.907954019762
2.72524292165   0.404315966498   -0.914620965077
2.74143575076   0.389452658126   -0.921048074093
2.75762857983   0.374487225355   -0.927233661461
2.77382140885   0.359423592495   -0.933176105162
2.79001423782   0.344265709604   -0.93887384694
2.80620706675   0.329017551456   -0.9443253927
2.82239989563   0.313683116496   -0.949529312912
2.83859272446   0.298266425794   -0.954484242974
2.85478555325   0.28277152199   -0.959188883579
2.87097838199   0.267202468233   -0.96364200105
2.88717121068   0.251563347114   -0.967842427668
2.90336403933   0.235858259601   -0.971789061974
2.91955686793   0.220091323958   -0.97548086906
2.93574969649   0.204266674667   -0.978916880839
2.951942525   0.188388461344   -0.982096196302
2.96813535346   0.172460847652   -0.985017981752
2.98432818188   0.156488010206   -0.987681471021
3.00052101025   0.140474137482   -0.990085965673
3.01671383857   0.124423428715   -0.992230835189
3.03290666685   0.108340092799   -0.994115517127
3.04909949508   0.0922283471867   -0.995739517276
3.06529232326   0.0760924167765   -0.997102409779
3.0814851514   0.059936532811   -0.99820383725
3.09767797949   0.0437649317645   -0.999043510865
3.11387080754   0.0275818542329   -0.999621210439
3.13006363553   0.0113915438215   -0.999936784482
3.14625646349   -0.00480175396796   -0.99999015024
3.16244929139   -0.02099379285   -0.999781293718
3.17864211925   -0.0371803268696   -0.999310269681
3.19483494707   -0.053357111515   -0.99857720164
3.21102777483   -0.0695199048309   -0.997582281821
3.22722060255   -0.0856644685312   -0.996325771117
3.24341343023   -0.10178656911   -0.994807999011
3.25960625785   -0.117881978951   -0.993029363501
3.27579908544   -0.133946477438   -0.990990330986
3.29199191297   -0.14997585206   -0.988691436148
3.30818474046   -0.165965899516   -0.986133281813
3.3243775679   -0.181912426818   -0.98331653879
3.3405703953   -0.19781125239   -0.980241945698
3.35676322265   -0.213658207165   -0.976910308768
3.37295604995   -0.229449135676   -0.973322501636
3.3891488772   -0.24517989715   -0.969479465113
3.40534170441   -0.26084636659   -0.965382206936
3.42153453158   -0.276444435857   -0.961031801504
3.4377273587   -0.29197001475   -0.956429389602
3.45392018577   -0.307419032076   -0.951576178093
3.47011301279   -0.322787436718   -0.946473439607
3.48630583977   -0.338071198698   -0.941122512207
3.5024986667   -0.353266310234   -0.935524799038
3.51869149359   -0.368368786788   -0.929681767956
3.53488432043   -0.383374668117   -0.923594951147
3.55107714722   -0.398280019304   -0.917265944723
3.56726997396   -0.413080931795   -0.910696408306
3.58346280066   -0.427773524424   -0.903888064588
3.59965562732   -0.442353944426   -0.896842698884
3.61584845392   -0.456818368452   -0.889562158662
3.63204128049   -0.471163003571   -0.882048353058
3.648234107   -0.485384088262   -0.874303252377
3.66442693347   -0.499477893402   -0.866328887574
3.68061975989   -0.513440723246   -0.858127349724
3.69681258626   -0.527268916391   -0.849700789471
3.71300541259   -0.540958846742   -0.841051416466
3.72919823888   -0.554506924456   -0.832181498789
3.74539106511   -0.567909596892   -0.823093362349
3.7615838913   -0.581163349535   -0.813789390279
3.77777671744   -0.59426470692   -0.80427202231
3.79396954354   -0.607210233545   -0.79454375413
3.81016236959   -0.619996534771   -0.784607136731
3.8263551956   -0.632620257712   -0.774464775738
3.84254802155   -0.645078092112   -0.764119330727
3.85874084746   -0.657366771217   -0.753573514531
3.87493367333   -0.66948307263   -0.74283009252
3.89112649915   -0.681423819153   -0.731891881886
3.90731932492   -0.693185879626   -0.720761750896
3.92351215065   -0.704766169744   -0.709442618145
3.93970497632   -0.716161652864   -0.69793745179
3.95589780196   -0.727369340809   -0.686249268767
3.97209062754   -0.738386294642   -0.674381134007
3.98828345308   -0.749209625444   -0.662336159628
4.00447627858   -0.759836495067   -0.650117504118
4.02066910403   -0.770264116881   -0.637728371511
4.03686192943   -0.780489756504   -0.625172010543
4.05305475478   -0.790510732517   -0.612451713801
4.06924758009   -0.800324417171   -0.59957081686
4.08544040535   -0.809928237072   -0.586532697411
4.10163323057   -0.819319673859   -0.573340774369
4.11782605574   -0.828496264864   -0.559998506982
4.13401888086   -0.837455603754   -0.546509393922
4.15021170593   -0.846195341167   -0.532876972368
4.16640453096   -0.854713185325   -0.519104817076
4.18259735595   -0.863006902638   -0.505196539445
4.19879018089   -0.871074318285   -0.491155786571
4.21498300578   -0.878913316787   -0.476986240283
4.23117583062   -0.886521842564   -0.462691616188
4.24736865542   -0.893897900469   -0.448275662689
4.26356148017   -0.901039556316   -0.433742160004
4.27975430487   -0.907944937383   -0.419094919176
4.29594712953   -0.914612232906   -0.404337781075
4.31213995415   -0.921039694554   -0.389474615386
4.32833277871   -0.927225636885   -0.374509319598
4.34452560323   -0.93316843779   -0.359445817981
4.3607184277   -0.938866538916   -0.344288060558
4.37691125213   -0.94431844608   -0.329040022067
4.39310407651   -0.949522729653   -0.313705700919
4.40929690085   -0.954478024941   -0.298289118153
4.42548972513   -0.959183032542   -0.282794316378
4.44168254938   -0.963636518684   -0.267225358714
4.45787537357   -0.96783731555   -0.251586327725
4.47406819772   -0.971784321585   -0.235881324352
4.49026102182   -0.975476501785   -0.220114466835
4.50645384588   -0.978912887967   -0.204289889633
4.52264666989   -0.982092579022   -0.188411742342
4.53883949385   -0.985014741155   -0.172484188605
4.55503231777   -0.9876786081   -0.156511405018
4.57122514164   -0.990083481324   -0.140497580041
4.58741796546   -0.992228730206   -0.124446912894
4.60361078924   -0.994113792208   -0.10836361246
4.61980361297   -0.995738173017   -0.0922518961756
4.63599643665   -0.997101446679   -0.0761159889326
4.65218926029   -0.998203255706   -0.059960121964
4.66838208388   -0.999043311176   -0.0437885317376
4.68457490743   -0.999621392802   -0.027605458844
4.70076773093   -0.999937348995   -0.0114151468848
4.71696055438   -0.999991096901   0.00477815863999
4.73315337779   -0.999782622424   0.0209702114454
4.74934620115   -0.99931198023   0.037156765575
4.76553902446   -0.998579293728   0.0533335765142
4.78173184773   -0.997584755047   0.0694964023032
4.79792467095   -0.996328624976   0.0856410046496
4.81411749412   -0.994811232901   0.10176315004
4.83031031725   -0.993032976718   0.117858610848
4.84650314033   -0.990994322727   0.133923166447
4.86269596337   -0.988695805511   0.149952604314
4.87888878636   -0.986138027797   0.165942721132
4.8950816093   -0.983321660295   0.181889323899
4.91127443219   -0.980247441522   0.19778823102
4.92746725504   -0.976916177614   0.21363527341
4.94366007785   -0.973328742108   0.229426295581
4.9598529006   -0.969486075716   0.245157156737
4.97604572331   -0.965389186077   0.260823731858
4.99223854598   -0.961039147495   0.27642191278
5.0084313686   -0.956437100655   0.291947609274
5.02462419117   -0.951584252326   0.307396750119
5.04081701369   -0.946481875042   0.322765284167
5.05700983617   -0.941131306771   0.33804918141
5.0732026586   -0.93553395056   0.353244434031
5.08939548099   -0.929691274173   0.368347057459
5.10558830333   -0.923604809702   0.383353091412
5.12178112562   -0.917276153166   0.398258600938
5.13797394787   -0.910706964093   0.413059677443
5.15416677007   -0.903898965084   0.427752439718
5.17035959222   -0.896853941363   0.442333034958
5.18655241433   -0.889573740306   0.45679763977
5.20274523639   -0.88206027096   0.471142461177
5.21893805841   -0.87431550354   0.485363737611
5.23513088037   -0.866341468913   0.499457739902
5.2513237023   -0.858140258066   0.513420772253
5.26751652417   -0.849714021557   0.527249173213
5.283709346   -0.841064968949   0.540939316631
5.29990216778   -0.832195368238   0.554487612615
5.31609498952   -0.823107545249   0.567890508464
5.33228781121   -0.81380388303   0.581144489608
5.34848063285   -0.804286821231   0.594246080524
5.36467345445   -0.794558855458   0.607191845653
5.380866276   -0.78462253662   0.619978390292
5.39705909751   -0.774480470265   0.632602361494
5.41325191896   -0.764135315891   0.64506044894
5.42944474038   -0.753589786249   0.657349385812
5.44563756174   -0.742846646637   0.669465949646
5.46183038306   -0.731908714168   0.681406963178
5.47802320433   -0.720778857037   0.69316929518
5.49421602556   -0.709459993764   0.704749861275
5.51040884674   -0.697955092433   0.716145624754
5.52660166787   -0.686267169912   0.727353597364
5.54279448896   -0.674399291059   0.738370840096
5.55898731   -0.662354567923   0.749194463957
5.57518013099   -0.650136158927   0.759821630725
5.59137295194   -0.637747268036   0.770249553692
5.60756577284   -0.625191143921   0.780475498398
5.6237585937   -0.612471079107   0.790496783348
5.63995141451   -0.599590409106   0.800310780711
5.65614423527   -0.586552511545   0.809914917014
5.67233705598   -0.573360805282   0.819306673814
5.68852987665   -0.560018749505   0.82848358836
5.70472269728   -0.546529842828   0.837443254236
5.72091551785   -0.532897622374   0.846183321996
5.73710833838   -0.519125662846   0.854701499776
5.75330115887   -0.505217575588   0.862995553899
5.76949397931   -0.491177007643   0.871063309457
5.7856867997   -0.477007640793   0.878902650886
5.80187962004   -0.462713190593   0.886511522513
5.81807244034   -0.448297405398   0.893887929104
5.83426526059   -0.433764065382   0.901029936382
5.8504580808   -0.419116981543   0.907935671534
5.86665090096   -0.404359994705   0.914603323705
5.88284372107   -0.389496974514   0.92103114447
5.89903654114   -0.374531818417   0.927217448293
5.91522936116   -0.359468450647   0.933160612973
5.93142218113   -0.344310821187   0.938859080063
5.94761500106   -0.329062904741   0.944311355282
5.96380782094   -0.313728699686   0.949516008908
5.98000064077   -0.298312227029   0.95447167615
5.99619346056   -0.282817529345   0.959177057509
6.0123862803   -0.267248669727   0.963630919115
6.0285791   -0.25160973071   0.967832093054
6.04477191965   -0.235904813209   0.971779477673
6.06096473925   -0.220138035439   0.975472037868
6.0771575588   -0.204313531836   0.978908805358
6.09335037831   -0.188435451974   0.982088878934
6.10954319778   -0.172507959475   0.985011424701
6.12573601719   -0.156535230919   0.987675676294
6.14192883657   -0.140521454749   0.990080935079
6.15812165589   -0.124470830168   0.992226570334
6.17431447517   -0.108387566046   0.994112019419
6.1905072944   -0.0922758798089   0.995736787922
6.20670011358   -0.0761399963372   0.997100449785
6.22289293272   -0.0599841468558   0.998202647421
6.23908575181   -0.0438125678254   0.999043091804
6.25527857086   -0.0276294998312   0.999621562547
6.27147138986   -0.0114391864714   0.999937907957
6.28766420881   0.00475412675611   0.999992045081
6.30385702772   0.0209461935667   0.999783959718
6.32004984658   0.0371327680026   0.999313706432
6.33624266539   0.0533096055462   0.998581408533
6.35243548416   0.0694724642333   0.997587258044
6.36862830288   0.085617105765   0.996331515655
6.38482112156   0.10173929662   0.994814510649
6.40101394019   0.117834809163   0.993036640821
6.41720675877   0.133899422755   0.990998372369
6.4333995773   0.14992892486   0.988700239775
6.44959239579   0.165919112148   0.986142845663
6.46578521424   0.1818657916   0.983326860643
6.48197803263   0.197764781603   0.980253023134
6.49817085098   0.213611913053   0.976922139167
6.51436366929   0.229403030441   0.973335082182
6.53055648754   0.245133992948   0.96949279279
6.54674930575   0.26080067553   0.965396278531
6.56294212392   0.276398969997   0.96104661361
6.57913494204   0.291924786092   0.956444938614
6.59532776011   0.307374052565   0.951592460212
6.61152057813   0.322742718239   0.946490450842
6.62771339611   0.338026753071   0.941140248373
6.64390621405   0.353222149212   0.935543255758
6.66009903193   0.368324922055   0.929700940663
6.67629184977   0.383331111282   0.923614835084
6.69248466757   0.398236781901   0.917286534947
6.70867748531   0.413038025278   0.910717699683
6.72487030301   0.427730960164   0.903910051801
6.74106312067   0.442311733709   0.896865376431
6.75725593828   0.456776522476   0.889585520858
6.77344875584   0.471121533442   0.882072394037
6.78964157335   0.485343004992   0.87432796609
6.80583439082   0.499437207907   0.866354267797
6.82202720824   0.513400446338   0.858153390053
6.83822002562   0.527229058783   0.849727483328
6.85441284295   0.540919419037   0.8410787571
6.87060566023   0.554467937153   0.832209479274
6.88679847747   0.567871060375   0.823121975591
6.90299129466   0.581125274074   0.813818629016
6.9191841118   0.59422710267   0.804301879111
6.9353769289   0.60717311054   0.794574221401
6.95156974595   0.619959902922   0.784638206713
6.96776256296   0.632584126806   0.774496440513
6.98395537992   0.645042471807   0.764151582219
7.00014819683   0.657331671042   0.753606344503
7.01634101369   0.66944850198   0.742863492585
7.03253383051   0.68138978729   0.731925843501
7.04872664729   0.693152395672   0.720796265369
7.06491946401   0.70473324268   0.709477676636
7.08111228069   0.716129291532   0.697973045312
7.09730509733   0.727337553902   0.68628538819
7.11349791391   0.738355090709   0.674417770061
7.12969073045   0.749179012881   0.662373302901
7.14588354695   0.75980648212   0.650155145064
7.1620763634   0.770234711643   0.637766500449
7.1782691798   0.780460966908   0.62521061766
7.19446199615   0.790482566341   0.612490789156
7.21065481246   0.800296882032   0.599610350385
7.22684762873   0.809901340423   0.586572678914
7.24304044494   0.819293422989   0.573381193537
7.25923326111   0.828470666895   0.560039353383
7.27542607724   0.837430665641   0.546550657009
7.29161889331   0.846171069693   0.532918641479
7.30781170934   0.854689587101   0.51914688144
7.32400452533   0.862983984101   0.505238988184
7.34019734127   0.871052085697   0.4911986087
7.35639015716   0.878891776232   0.477029424717
7.372582973   0.886500999946   0.462735151741
7.3887757888   0.893877761512   0.44831953808
7.40496860455   0.901020126561   0.433786363859
7.42116142026   0.907926222188   0.419139440031
7.43735423592   0.914594237444   0.404382607376
7.45354705153   0.92102242381   0.389519735497
7.4697398671   0.927209095656   0.374554721801
7.48593268262   0.933152630684   0.35949149048
7.50212549809   0.93885147035   0.34433399148
7.51831831352   0.944304120279   0.329086199469
7.5345111289   0.949509150649   0.313752112788
7.55070394424   0.954465196571   0.298335752411
7.56689675953   0.959170958449   0.282841160882
7.58308957477   0.963625202313   0.267272401263
7.59928238996   0.96782676015   0.251633556061
7.61547520511   0.971774530206   0.235928726165
7.63166802022   0.975467477277   0.220162029763
7.64786083527   0.97890463298   0.204337601268
7.66405365028   0.982085096008   0.188459590233
7.68024646525   0.985008032361   0.172532160258
7.69643928016   0.987672675573   0.156559487906
7.71263209504   0.990078326907   0.140545761601
7.72882490986   0.992224355541   0.124495180532
7.74501772464   0.99411019873   0.108411953555
7.76121053937   0.995735361958   0.0923002980838
7.77740335406   0.997099419066   0.0761644389882
7.79359616869   0.998202012363   0.0600086074847
7.80978898329   0.999042852718   0.0438370400266
7.82598179783   0.999621719642   0.027653977194
7.84217461233   0.999938461338   0.0114636625812
7.85836742679   0.999992994747   -0.00472965831588
7.87456024119   0.999785305567   -0.020921739213
7.89075305556   0.999315448256   -0.0371083341509
7.90694586987   0.998583546021   -0.0532851986092
7.92313868414   0.997589790782   -0.0694480906187
7.93933149836   0.996334443124   -0.0855927718744
7.95552431253   0.994817832226   -0.101715008846
7.97171712666   0.99304035578   -0.11781057389
7.98790994075   0.991002479881   -0.133875246356
8.00410275478   0.988704738907   -0.149904813693
8.02029556877   0.98614773538   -0.165895072559
8.03648838271   0.983332139806   -0.181841829915
8.05268119661   0.980258690501   -0.197740904133
8.06887401046   0.976928193396   -0.213588126087
8.08506682427   0.973341521828   -0.229379340249
8.10125963802   0.969499616305   -0.245110405775
8.11745245174   0.965403484268   -0.260777197597
8.1336452654   0.96105419982   -0.276375607498
8.14983807902   0.956452903448   -0.291901545194
8.16603089259   0.951600801721   -0.307350939405
8.18222370612   0.946499166976   -0.322719738922
8.1984165196   0.941149336986   -0.33800391367
8.21460933303   0.935552714602   -0.353199455766
8.23080214642   0.929710767396   -0.368302380566
8.24699495976   0.923625027264   -0.383308727714
8.26318777305   0.917297090035   -0.398214562179
8.2793805863   0.910728615046   -0.413015975288
8.2955733995   0.903921324709   -0.427709085747
8.31176621265   0.89687700406   -0.442290040664
8.32795902576   0.88959750029   -0.456755016556
8.34415183882   0.882084722259   -0.471100220353
8.36034465184   0.87434064   -0.485321890391
8.37653746481   0.866367284197   -0.499416297401
8.39273027773   0.858166745657   -0.513379745484
8.40892309061   0.849741174759   -0.527208573083
8.42511590344   0.841092780891   -0.540899153942
8.44130871622   0.83222383187   -0.554447898054
8.45750152896   0.823136653351   -0.567851252608
8.47369434165   0.81383362821   -0.581105702916
8.48988715429   0.804317195925   -0.594207773337
8.50607996689   0.794589851935   -0.607154028188
8.52227277944   0.784654146985   -0.619941072643
8.53846559195   0.774512686457   -0.632565553628
8.55465840441   0.764168129687   -0.645024160693
8.57085121682   0.753623189269   -0.657313626887
8.58704402919   0.74288063034   -0.669430729612
8.60323684151   0.731943269861   -0.681372291467
8.61942965378   0.72081397587   -0.69313518108
8.63562246601   0.709495666739   -0.704716313936
8.65181527819   0.697991310403   -0.716112653176
8.66800809032   0.686303923582   -0.727321210403
8.68420090241   0.674436570992   -0.738339046457
8.70039371445   0.66239236454   -0.749163272192
8.71658652645   0.65017446251   -0.75979104923
8.73277933839   0.63778606873   -0.77021959071
8.7489721503   0.625230431738   -0.78044616201
8.76516496215   0.612510843927   -0.790468081473
8.78135777396   0.599630640679   -0.800282721107
8.79755058572   0.586593199498   -0.809887507272
8.81374339744   0.573401939115   -0.819279921358
8.82993620911   0.560060318599   -0.828457500443
8.84612902074   0.546571836446   -0.83741783794
8.86232183231   0.532940029664   -0.846158584231
8.87851464384   0.519168472842   -0.854677447275
8.89470745533   0.505260777217   -0.862972193218
8.91090026677   0.491220589723   -0.871040646975
8.92709307816   0.477051592039   -0.878880692797
8.9432858895   0.462757499619   -0.886490274833
8.9594787008   0.44834206072   -0.893867397663
8.97567151206   0.433809055421   -0.901010126824
8.99186432326   0.419162294627   -0.907916589316
9.00805713442   0.404405619075   -0.914584974095
9.02424994554   0.389542898324   -0.921013532547
9.0404427566   0.374578029738   -0.927200578944
9.05663556762   0.35951493747   -0.933144490891
9.0728283786   0.344357571428   -0.938843709748
9.08902118953   0.32910990624   -0.944296741039
9.10521400041   0.313775940215   -0.949502154843
9.12140681124   0.298359694291   -0.954458586174
9.13759962203   0.282865210981   -0.959164735332
9.15379243278   0.267296553314   -0.963619368247
9.16998524347   0.251657803772   -0.967821316806
9.18617805412   0.235953063212   -0.971769479153
9.20237086473   0.2201864498   -0.975462819981
9.21856367528   0.204362097924   -0.978900370804
9.23475648579   0.188484157113   -0.982081230212
9.25094929626   0.172556790949   -0.985004564102
9.26714210668   0.156584175973   -0.987669605905
9.28333491705   0.140570500593   -0.990075656778
9.29952772737   0.124519963983   -0.992222085795
9.31572053765   0.108436774984   -0.994108330108
9.33191334788   0.0923251509977   -0.995733895094
9.34810615807   0.0761893168836   -0.99709835449
9.36429896821   0.060033503849   -0.998201350499
9.3804917783   0.0438619483402   -0.999042593886
9.39668458835   0.0276788909317   -0.999621864055
9.41287739835   0.0114885752141   -0.999939009104
9.4290702083   -0.00470475331886   -0.999993945868
9.44526301821   -0.0208968483832   -0.999786659939
9.46145582807   -0.0370834640185   -0.999317205671
9.47764863789   -0.053260355701   -0.998585706162
9.49384144765   -0.0694232814569   -0.997592353229
9.51003425738   -0.0855680029747   -0.99633740735
9.52622706705   -0.101690286716   -0.9948211976
9.54241987668   -0.117785905028   -0.993044121563
9.55861268626   -0.133850637246   -0.991006645231
9.5748054958   -0.149880270809   -0.988709302876
9.59099830529   -0.165870602358   -0.986152696915
9.60719111473   -0.181817438838   -0.98333749775
9.62338392413   -0.197716598603   -0.980264443593
9.63957673348   -0.213563912506   -0.97693434027
9.65576954279   -0.229355224997   -0.973348061014
9.67196235205   -0.24508639521   -0.969506546231
9.68815516126   -0.26075329805   -0.965410803257
9.70434797042   -0.276351825274   -0.961061906094
9.72054077954   -0.291877886571   -0.956460995126
9.73673358861   -0.307327410628   -0.951609276821
9.75292639764   -0.322696346206   -0.946508023414
9.76911920662   -0.337980663197   -0.941158572578
9.78531201555   -0.35317635368   -0.935562327063
9.80150482444   -0.368279432978   -0.929720754341
9.81769763328   -0.383285940695   -0.923635386211
9.83389044208   -0.39819194176   -0.917307818402
9.85008325082   -0.412993527458   -0.910739710153
9.86627605953   -0.427686816453   -0.90393278378
9.88246886818   -0.442267955809   -0.896888824222
9.89866167679   -0.456733121994   -0.889609678573
9.91485448535   -0.471078521893   -0.8820972556
9.93104729387   -0.485300393791   -0.87435352524
9.94724010234   -0.499395008368   -0.866380518086
9.96343291076   -0.513358669675   -0.85818032485
9.97962571914   -0.527187716098   -0.849755095821
9.99581852747   -0.540878521327   -0.841107040295
10.0   -0.54439085876   -0.838838018358
Stored matrix for the solution to dy/dx=sin(y) given y(0)=1:
0.0   0   1
0.0316174416545   0.018048912539   0.999837118378
0.0617552677471   0.035372559496   0.999374219755
0.0912930093828   0.0522509344876   0.998634021694
0.120770555013   0.0688485699558   0.997627166312
0.150549890742   0.0852633699977   0.996358502072
0.180900607404   0.101553663718   0.994830125305
0.212049885277   0.11775383085   0.993042888192
0.244215483654   0.133883585305   0.990997147081
0.277631565848   0.149953594212   0.988693125739
0.312573984795   0.165968919958   0.986131082668
0.349391471398   0.181931144791   0.983311380188
0.388552032743   0.197839688559   0.98023450598
0.430722512176   0.213692628501   0.976901073202
0.476923559898   0.229487210284   0.973311812226
0.528880381256   0.245220167024   0.969467560255
0.590015198705   0.260887918701   0.965369251516
0.669766736807   0.276486696974   0.961017909035
0.779393869181   0.292012623472   0.956414638121
0.849557847984   0.307461759034   0.951560621401
0.907171868524   0.322830134827   0.946457115091
0.95948840196   0.338113772149   0.941105446234
1.00986811087   0.353308695174   0.935507010637
1.05532849427   0.368410939286   0.929663271319
1.09933837131   0.383416556666   0.923575757308
1.1418313761   0.398321620161   0.917246062687
1.18292757619   0.413122226074   0.910675845795
1.2228195635   0.42781449629   0.903866828544
1.26171448916   0.442394579977   0.896820795797
1.29980796111   0.45685865502   0.889539594784
1.33727448631   0.471202929289   0.882025134547
1.37426584373   0.485423641797   0.874279385389
1.41091288138   0.499517063791   0.866304378323
1.44732850815   0.513479499791   0.85810220452
1.48361084688   0.527307288603   0.849675014745
1.51984611679   0.540996804296   0.841025018787
1.55611110471   0.554544457176   0.83215448487
1.59247521662   0.567946694732   0.823065739054
1.62900215507   0.581200002576   0.813761164627
1.66575128398   0.594300905365   0.804243201475
1.70277874196   0.607245967721   0.794514345442
1.7401383582   0.620031795123   0.784577147673
1.77788241581   0.632655034809   0.774434213947
1.81606229942   0.645112376649   0.764088203995
1.85472905613   0.657400554014   0.753541830797
1.89393389322   0.669516344635   0.742797859874
1.93372863136   0.681456571447   0.731859108564
1.9741661284   0.69321810342   0.720728445279
2.01530068648   0.704797856386   0.709408788757
2.05718845305   0.716192793841   0.697903107294
2.09988782541   0.727399927745   0.686214417966
2.14345986743   0.738416319305   0.67434578584
2.18796874691   0.749239079745   0.662300323168
2.233482202   0.759865371064   0.650081188569
2.28007204549   0.77029240678   0.637691586206
2.32781471656   0.780517452662   0.625134764942
2.37679189038   0.790537827445   0.612414017489
2.42709115786   0.800350903532   0.599532679544
2.47880678913   0.809954107689   0.586494128915
2.53204059728   0.819344921712   0.573301784637
2.58690292156   0.828520883092   0.559959106071
2.6435137532   0.837479585661   0.546469592
2.70200403188   0.84621868022   0.532836779713
2.76251714688   0.854735875158   0.519064244072
2.82521068467   0.863028937051   0.505155596581
2.89025847455   0.871095691248   0.491114484434
2.95785299659   0.878934022443   0.476944589562
3.0282082323   0.886541875226   0.462649627666
3.10156305952   0.893917254627   0.44823334724
3.1781853209   0.901058226633   0.433699528594
3.2583767316   0.907962918701   0.419051982859
3.34247884087   0.914629520245   0.404294550987
3.43088032744   0.921056283115   0.389431102745
3.52402599838   0.927241522049   0.3744655357
3.62242798374   0.93318361512   0.359401774199
3.72667979074   0.938881004162   0.344243768336
3.83747412347   0.944332195174   0.328995492919
3.95562572022   0.949535758715   0.313660946426
4.08210096546   0.954490330278   0.29824414996
4.21805677861   0.959194610648   0.282749146189
4.36489240586   0.963647366244   0.267179998291
4.52431946748   0.967847429439   0.251540788886
4.69845832448   0.971793698868   0.235835618964
4.88997318953   0.97548513972   0.220068606815
5.10226560788   0.978920784004   0.204243886942
5.33975817335   0.982099730806   0.188365608984
5.6083218207   0.985021146524   0.172437936621
5.91593905898   0.987684265087   0.156465046488
6.27376915572   0.990088388158   0.140451127075
6.69792593376   0.992232885312   0.124400377633
7.21257433452   0.994117194207   0.108317007069
7.85557404287   0.995740820727   0.0922052328447
8.68920142055   0.997103339115   0.0760692798712
9.82082417046   0.998204392082   0.0599133793983
10.0   0.999043690903   0.0437417679071
